   0   -8  -18
   0   -5    0
  -9   40  -42
   5  -21   -5
  -4    0   10
  -8  -28  -38
 -22   40  -52
  36  -54  -18
  24   68   27
 -27  -44  -13
  54  -54    0
 -72   45    4
   0  -13   42
 -25   72  -38
   4    0  -76
  72    0    0
  -9    0   72
 -48    2    0
  12  -42   27
  66    9    0
 -23  -27   23
   0   24   57
  80   34   27
  40    0  -22
  16   54   68
  21    0   10
 -27  -32    0
  -4    6    0
  33  -22   48
  72  -22   96
  30    0  -51
 -10    6    6
  48   34    0
   0  -44   -4
  18   18    0
  12  -11    0
   0  -56  -16
  -5    0   48
 -24  -24   32
  -4  -69   -2
 -72    3  -48
   0  -72  -54
 -20  -16   24
   0   23   34
  88  -17    8
  80    0  -24
 -80   60    9
  68  -48   33
  -2    8    0
   0   24   12
 -22    0  -40
  25  -10  -20
  34    0   -4
   0   -9    0
   0   16   48
   9  -24   -6
  30  -92   26
   0    0   24
  51  -50  -18
 -48  -45    0
  26   12    0
   0   32    0
 -10   88  -44
  24    0  -20
  22   23    0
 -84  -12   48
  57   15  -72
  -3    0   66
  24  -72   23
 -20  -64  -44
   0    0  -13
 -52   30  -92
  96    0  -48
  46  -16   10
 -42  -28   69
  46    0    0
 -42   18    0
 -24   16   22
 -25    0   48
   0  -42  -54
 -28   24  -52
  16  -12  -60
  18   -2  -76
 -12    0    0
   0   10   52
  18   -8  -50
 -12   33    3
 -40    8    0
   0   64    0
  42    0   52
  34  -40   40
  64  -21  -22
  -4    0   -3
   0   -4    0
  18    0  -26
  -1    0   33
  24    0  -32
  18   76  -72
   0  -25  -63
 -64   -6  -16
    0    0   0
    0    0   0
    0    0   4